25815
44369
34353
94632
25675
27598
37729
70866
44690
1574
59807
35132
93620
88591
71346
8603
54739
23348
77639
62616
30892
57064
59397
33847
63890
21919
63452
66926
63652
75799
9126
51401
7394
33710
30133
15040
69305
28899
90080
85979
68031
90135
40965
99828
1498
91158
52669
95913
47062
98472
52344
37398
64044
8111
28218
32992
84274
4718
67306
75997
46059
64299
51117
36907
52564
34328
97459
70173
91104
33359
18822
51401
93681
59539
99005
23626
50150
1515
84694
64149
34237
56839
23296
76939
55924
86035
36532
71310
87092
85621
50086
91901
47499
31631
40842
40592
41093
29869
75365
78211
58922
93018
71578
49148
39625
87698
43971
10106
72696
44700
55741
86249
67554
88765
67086
99647
25777
35857
42688
79177
32596
88421
69214
73896
98883
75502
20029
6122
32629
94623
57590
26919
62067
10015
84428
27596
94000
69700
88352
9868
97750
76236
38965
72488
71430
98319
65221
69982
89422
37593
14720
1531
86189
69773
30467
12319
28676
27443
27825
85212
49934
96863
8644
58488
47023
6146
19402
18879
30319
86283
20828
29890
60054
26233
38413
22249
19726
77166
98620
79684
23866
17863
89240
10684
40187
47446
10325
11658
97596
57965
62604
61258
80665
12117
16934
33318
49288
89189
46279
7262
20278
45438
48418
14503
83465
74286
46316
13683
1147
36553
24418
88942
49836
60980
679
60605
75796
69269
88756
15169
83552
14853
6021
72732
64872
42334
9780
88327
93253
71677
69560
65318
61180
23636
15147
11624
53166
26399
70266
44335
25656
93020
722
56774
73444
62620
16902
33851
95726
69762
14674
29386
78514
84961
66367
45313
17978
31531
99117
24256
82094
80587
2742
76421
62871
65180
99828
83751
65900
51496
99978
74017
71898
26802
19409
87850
35472
37672
84414
55953
9819
80800
95973
76866
48265
65991
99641
15917
65784
36754
11667
6656
26881
72938
51219
64872
84002
63065
64877
42353
82921
3702
26705
44
14603
98086
33207
35045
7615
71338
98476
34786
98648
43353
17291
23096
91540
87653
79465
99812
59804
53728
70907
34057
12008
26196
64284
76552
20911
96062
83155
35237
499
59812
71612
97526
45879
35245
46870
75304
43129
89274
48188
82012
1781
36552
97097
81511
93339
63998
2724
79662
98454
17460
98256
8800
37549
95580
50214
78903
1744
40026
71521
11268
5927
69028
62649
82855
67483
85117
85273
68667
67596
85060
45056
98352
15233
47618
86150
56188
13262
56633
79093
90274
28891
81810
81359
59987
62719
26951
79999
55248
33156
94168
43388
87804
32715
31841
81875
74343
27772
34520
64848
82435
50040
6014
25453
27630
1717
79458
13291
2852
72342
79196
5390
72075
84708
32007
4434
81306
50266
5937
57026
51942
25679
85274
28288
85373
98339
1070
74510
2522
10584
46262
37800
65229
20782
29481
7223
94872
76088
62637
34453
20144
24549
94234
81726
76000
85388
25486
2538
64214
2519
59376
22062
20146
8141
52913
23932
41213
57131
75506
48658
70355
29125
48374
2477
41391
48678
38020
59998
47782
2621
82538
81565
79301
27327
99361
60840
85802
14378
90527
85482
97953
11398
33355
85931
23971
94518
33987
40331
64095
91797
20663
19122
10501
21200
59826
62645
16453
4223
89007
18366
93646
28564
69563
9763
68915
58475
85974
19929
74744
90417
69813
97733
7893
11175
8821
32154
45990
98630
57317
94944
12517
47166
56336
73822
8440
8651
60402
37222
4772
64094
8786
55214
96872
78703
88147
31637
26338
69105
6386
19086
35937
14275
91270
77694
36906
25706
70519
94293
33171
65147
58177
3466
88658
68601
32909
50142
51283
57382
12401
74519
39616
20901
9134
46491
76337
79454
24457
13888
24520
51279
45636
96531
38705
79222
46271
58608
80045
23344
47911
3756
12270
22093
32238
29614
92076
48715
80995
33632
946
5734
64627
29989
8349
72085
97331
37796
53026
22649
67972
99315
64871
21888
93089
68019
49017
70107
17523
21327
65775
3876
78115
7312
58466
63042
85955
11353
96920
35783
92216
38774
82663
23555
41562
20349
33482
1519
53448
19799
54497
11153
97113
29790
17329
94041
81411
19860
60817
6951
59680
60676
28799
26234
19069
88850
22980
96096
37352
24301
68930
57271
89643
75453
67333
55411
45725
38762
70792
52230
19095
51388
48780
1231
49844
19014
60031
59578
72931
52259
31585
48080
42954
89379
10373
19457
61893
99730
77380
27104
2690
73231
51806
96656
75175
50562
12295
7436
99583
92808
79189
99328
85934
26103
94887
60216
34460
22654
33569
2962
64720
95406
12763
17870
93132
50215
34295
25990
40164
62462
9626
58827
84707
73578
39927
5378
25766
94109
83274
67634
71396
51259
33536
39606
90819
17699
28550
84081
61425
6781
3546
52077
41414
88341
83012
91147
65661
3096
86516
94222
23132
45836
24727
18611
22460
92911
13499
45004
49941
53691
1329
38461
38270
8983
9747
56041
63710
73053
24512
77921
70812
34417
95899
93901
5715
34167
58851
73508
77767
62770
64852
61070
37741
24311
4139
41651
1144
55023
73737
91551
86234
74097
30456
29860
28875
53959
7914
94597
12005
21004
39051
10276
22060
50632
9458
7540
84151
93506
72263
62668
88818
7592
34301
76783
96285
1925
92987
62033
98329
90505
37606
25828
65360
30853
88466
14440
9396
11662
79472
65682
43697
33171
47626
56999
4914
67097
83383
37689
97271
31095
94542
47885
62787
39914
35608
95297
85962
18672
29521
28556
2386
25422
62764
55963
33699
25942
60306
70566
11313
70662
81337
47883
31806
78601
10727
70600
27510
44644
65159
96449
1011
83068
78068
21298
61256
37837
16002
47858
36536
67006
92273
31981
3158
19948
31847
9664
93630
56396
95664
91825
23683
37847
67522
12735
78735
54724
61013
37139
46003
26809
12037
36864
43141
9716
51755
13029
56818
9357
96441
3691
85927
18747
76690
52934
63221
50280
48395
87016
61840
80468
2079
29032
27057
63341
68496
76403
81517
82225
57629
51944
64071
11818
31040
31396
49573
81127
88085
33535
69986
27464
94829
88090
35146
15624
25215
93239
17588
53621
17398
57572
58853
77696
26669
69165
22062
59183
10673
1617
4779
42198
67282
10422
48067
50919
71896
66127
2093
5786
27354
20665
10331
5197
30378
83392
52026
68254
29986
82660
43007
27449
46260
56165
52548
81743
94739
84373
47076
66638
24585
39986
18588
77238
70857
63172
60958
17802
92677
68468
225
39915
91938
95638
78054
54034
45431
14089
10757
22309
23441
80812
52881
32752
51736
64095
46894
41592
91549
6227
84616
72942
86136
8931
19432
14840
47090
89710
30840
4845
37803
29885
24283
52965
20084
90778
40008
51613
42146
31892
23177
81942
28718
9718
23953
36480
34712
20092
32316
99168
42135
4582
35253
34291
39288
71142
86080
19258
60718
81137
4577
23407
13874
95235
25938
95374
26574
37370
85904
99356
26702
5952
26480
61431
7400
76195
12632
18136
17042
81072
76857
9679
62174
79091
35372
19439
92563
6675
91618
58197
71452
70742
75512
28638
1940
74354
80144
44603
39883
88026
90982
33453
34629
26943
89982
70749
89611
66326
8209
73979
61685
20709
19649
93349
65213
97709
88560
35854
474
53045
21678
32241
43899
83213
25987
37157
60494
17634
7477
61914
14746
18689
36611
51255
73573
46918
22799
91347
95483
43157
52176
85802
76207
63698
22095
68611
91450
29478
7775
64565
63263
94355
12690
20639
24922
89547
30568
25740
26933
16380
72811
27748
7620
64108
4789
61273
31208
31121
9277
78880
8162
95308
73656
91436
76660
60962
2179
86448
66844
96060
56992
31025
61998
9208
61254
54223
94483
52971
89586
2050
31207
66374
33788
37637
79525
29073
43336
89683
60897
86321
65937
82140
77265
26393
60790
31043
76703
27708
46633
74633
12480
94368
11460
69744
14424
18846
55642
46314
5582
90051
99511
4073
18392
8937
24438
38853
66445
41852
55349
60810
90175
23462
87387
75059
15337
65872
14248
39302
74347
51704
35727
21264
94156
35586
14550
10082
21415
70379
90479
33456
37604
29274
23869
21851
43784
49416
22655
44775
81295
43033
38724
88841
62792
15858
48069
63296
70107
41426
4775
46119
17636
12195
13652
10708
28046
92468
23904
73235
36519
15485
54258
67570
41584
9807
40103
45789
83996
44708
92835
77269
53285
94353
90273
3747
52793
65107
46454
19100
85946
60750
57794
47514
62563
54710
86552
41468
68086
52210
78765
24497
74477
21295
92776
20526
31402
73984
14772
82675
7126
37347
27298
75996
26390
81153
64902
62744
55311
56919
90743
31891
56222
88512
13511
29605
10586
10071
35841
26119
1373
4406
75244
43012
50410
43720
9571
14178
15090
30013
12812
95530
99735
1471
19738
18670
67022
4987
2268
36039
91360
30154
96088
87393
31024
78196
17947
63214
71785
50246
25795
631
3190
5144
63675
93122
58779
7350
93035
77822
24894
53658
40640
83638
64988
63187
94858
15710
2686
46335
55386
76277
92181
57911
20833
46037
33435
45041
56018
68333
65867
63179
96511
83658
92834
44667
12747
22295
86393
32507
81548
23514
70330
19681
94363
67140
82779
9540
62703
72822
938
55258
86218
34374
36370
72231
56323
64081
51247
56449
82038
86572
23882
23953
95940
65335
18002
67645
95816
17429
61055
23340
99613
84839
21286
85456
10875
94752
6225
84763
86139
84101
19342
66291
88689
70293
49944
2124
37332
97473
24942
64623
49409
56443
39152
83650
21874
93604
7749
94392
13332
39950
96886
88494
24421
21232
22809
9338
57953
35059
24234
5315
45052
85760
50021
64044
29866
10075
93589
32006
86849
33601
10800
53688
52082
44878
27301
19850
46791
58311
28193
90462
87764
61515
3703
9275
19840
62867
91211
28012
45707
84144
89176
76022
8277
58270
44922
81417
16822
40050
61522
34173
86858
15745
48063
94995
78517
24252
42161
40620
67041
31687
29577
56742
53848
53514
11661
94150
85316
90979
42361
82142
68355
91938
58772
18497
17491
34439
64586
55013
76390
51886
23017
28443
23040
62064
39511
28495
42951
96476
62947
88153
24767
52723
61039
27911
7654
45557
47882
80373
49053
73002
61134
73281
80759
88720
93469
93040
23141
51811
21958
10061
36619
83888
86724
27783
11454
65639
37851
11708
80320
15573
67589
70199
87296
2018
70232
78583
7075
28787
30317
84159
8598
19381
66083
86243
7447
27561
82996
28453
13825
82177
48142
66859
55663
97219
75453
94104
72541
53208
8838
43046
25877
72461
81272
65731
95735
29509
33131
75852
91023
55384
93111
39505
43703
53537
43743
8564
88761
70773
17501
14167
87506
20213
33781
8698
25353
31361
45480
54371
988
69467
79228
86521
8319
13706
39804
67356
6404
5165
53205
28317
2781
27003
74187
71558
18977
12596
41501
41650
38523
63174
23224
49892
31593
71271
83541
37320
70100
73304
5997
78225
98592
36715
71871
29318
79411
80324
60029
38951
77955
39838
44668
79112
34385
29888
4440
15144
31185
95699
92841
531
36490
96682
31522
7843
61010
98188
46501
81550
12521
89109
68149
39768
93136
94557
41391
82572
30389
67750
36297
24518
48419
40457
40363
22860
52945
18816
23044
88849
94897
48143
96392
26052
39861
4010
64852
2425
93012
86101
64101
53621
13933
34603
54737
92011
89418
19810
45699
46511
22731
50245
98228
58502
79895
77926
85580
77083
42060
80332
52818
29810
13630
47759
96291
35855
43982
50887
84838
60949
87081
35603
81712
90486
50796
66519
67422
85229
47687
50810
35189
33179
92760
23235
59124
83594
82037
42694
6850
87749
84617
70148
28141
17923
5202
99980
21329
56576
5631
37830
70672
71502
11556
4341
55778
1477
7031
16330
24998
20904
81592
22075
5458
46613
62539
86620
49927
5871
92202
22851
33803
43881
66395
33053
61767
66731
12114
50809
55848
79876
59453
62398
74339
98644
77369
68468
5009
45476
37579
68414
70777
52857
64621
30395
28356
18780
33078
12828
68277
78110
48435
20540
82333
53434
35760
45677
92515
65150
48989
56855
91748
56967
24720
10601
42097
6137
543
5380
91626
22807
60821
62991
80887
12217
52219
34615
5749
74164
62400
42658
43170
11191
78396
84074
75877
19605
60049
97684
72013
70466
98646
55534
1615
49782
9080
34574
84319
42891
88566
58214
58211
28266
45275
25504
70894
34537
47373
68265
92614
34995
67947
92773
41120
89396
23684
78445
15483
74278
11912
54515
79862
83308
3884
27770
29489
57539
34365
43590
18380
99415
34632
57991
30020
3212
44771
74416
92408
78515
13279
23371
10638
86536
86917
46652
45738
36388
81504
59816
25549
48821
93820
27267
11109
65163
4638
89960
59266
49807
82175
9026
45809
13599
10087
46505
45525
50090
14241
1585
84279
17930
97736
29184
23414
94688
88391
79051
30371
77117
33982
62578
10317
57562
5948
51884
3907
77646
26027
84259
78285
27964
9465
89600
2530
27033
28981
49086
98788
12085
63272
99478
69883
30321
76222
9938
2444
83155
93457
90759
44059
74775
53727
47576
79468
59809
64070
30114
97208
31099
88276
32808
88227
64969
55221
83365
77944
59939
97607
60113
96061
41899
29234
39101
734
7821
26599
37263
26175
97312
61586
70846
63123
77742
31118
70999
28221
60507
6117
60458
7958
81519
45827
99964
5112
90784
4324
572
73017
49495
92929
31950
29619
27730
55078
25826
2901
59402
41979
87940
27650
53435
55460
19067
99781
82204
73541
73516
68822
3943
96615
80561
23035
15661
11844
91358
49496
34149
71508
46043
51267
38580
95754
33428
61288
60044
34505
56827
8020
87038
25585
704
63225
50020
30772
29585
40066
5943
95513
1875
22773
44626
62407
41765
59477
89413
6243
25234
21840
26353
49143
33257
56080
62666
35576
18292
28451
30799
68036
34895
35556
73394
61608
48297
56846
98260
74588
98063
21053
43469
83120
5139
47302
98157
51789
81439
97759
47244
19245
50319
95297
37686
98752
42168
63035
73202
66489
61484
31752
86354
76426
16387
48314
20627
88687
28970
32642
60151
85594
1378
11274
85664
87661
45370
22172
19721
28232
69149
71746
34698
6894
96239
36919
79621
1577
18573
50757
59897
52028
10179
61167
99900
39670
75874
14365
19154
66696
4880
87792
58126
92465
40697
65381
89853
59230
18694
77796
82460
97916
44398
44290
43982
2322
77512
36822
36071
7478
36394
90590
25015
4243
78188
90431
74757
65276
28935
82706
93980
80531
99063
91617
28243
82675
30575
97313
40327
69485
33319
87087
47686
67054
52062
43522
3229
15945
99969
37238
75662
40312
13775
96346
97969
48577
51615
24940
61055
88335
94652
44275
23537
46076
94953
69750
81778
48906
24755
35924
92157
96859
82084
62155
26432
94229
28384
56552
93798
78186
11544
28393
8349
41069
49271
53798
83677
86452
65130
62596
23793
69928
40525
40198
26761
13516
92792
7015
79672
30088
15084
66159
85333
48708
87060
49597
58499
74689
73816
30677
75900
89752
46717
72355
30099
46098
24431
23938
77250
17015
53589
84137
95592
53330
2380
75613
45168
50068
85969
203
4262
59142
53568
4441
97326
37715
68509
44862
76467
55378
88986
37940
83505
63150
27171
72189
73877
71198
9972
33524
58494
97098
30713
5594
97973
28284
8603
53345
63207
64484
73377
31564
61969
92139
64619
14346
61518
51986
60463
57986
37716
58727
73212
44524
7718
53121
22314
76180
85735
49564
3248
17725
65498
77467
85753
16893
94099
5141
60637
44989
29661
7002
24151
53975
58442
5641
87840
14718
82420
94711
1118
42752
28552
75526
83876
26974
36775
28029
67718
68735
70319
2836
65073
84238
71467
65325
7397
92257
11567
54479
31973
64667
49713
59726
88167
12415
83960
67252
80452
42925
59952
51448
85773
36823
69608
33798
18288
65327
96584
53069
15012
2056
31059
67661
62415
59858
67720
98522
46324
83717
25937
23173
36605
30826
58768
31544
26075
498
84609
28682
21137
93762
27796
41725
61519
24727
12362
74548
41698
18777
85128
23193
44938
24458
24981
27674
49694
44303
89290
19749
99032
82393
60953
33475
7901
69106
1302
78424
98198
76575
7525
30179
20795
26109
30860
50341
64784
2086
41396
6977
15876
34232
86815
81449
13087
86406
37963
87396
82072
27416
49206
46759
69344
94652
52514
129
60064
79241
41724
27013
24045
16610
52571
5399
19723
43695
93452
32516
78598
25913
4750
40165
50252
37321
27875
38327
8530
86236
44667
54624
2231
57554
99739
60480
47548
30353
3699
76155
1431
17878
78629
9469
48468
72780
47336
88389
85061
86124
30782
45635
94315
82383
45925
59874
68987
10905
70730
37363
88120
79071
13770
97009
5365
94963
40590
32087
52574
22875
85824
18178
5022
27771
12921
63334
78210
35622
11448
76224
89981
61643
78813
69474
68757
17184
8472
7028
53776
90555
95318
8724
44219
8922
48624
60074
80612
35955
75068
17645
91930
93352
35443
71370
55560
46664
42034
90469
39926
33716
92366
16096
48374
33572
68150
1333
44492
94898
28101
83670
71108
63750
79994
3247
88543
97080
714
15729
51332
73541
22636
12488
87627
27882
80647
96251
88356
26190
93570
30834
72265
60486
78647
60126
82147
2541
46408
89459
87894
42090
76144
4098
98008
92720
67913
32896
76761
77327
66433
29988
49200
63319
69990
26777
73548
29030
12445
28214
35041
53767
17142
64055
11360
44286
84403
80401
90140
75729
30338
31281
33963
4677
55143
36411
88707
90995
8184
1198
40562
39253
1459
80540
64408
40841
61679
98013
26079
24903
97437
50654
77465
80762
35865
34030
10581
49655
3030
14823
77471
82169
76603
36909
82969
48010
83649
87203
45015
8291
87124
51679
86297
16841
87238
61555
18329
97903
97824
91858
8884
92490
33675
99916
54507
87629
6767
50207
73723
65859
85056
4704
37599
36841
74357
68344
74772
67987
20403
69305
86802
31055
11332
30599
12291
99316
93691
7266
71808
14142
54348
99992
56732
51675
39182
27655
66834
67274
83203
5355
21751
21603
32846
76017
86410
40989
5810
94456
68974
65081
51760
18516
275
5292
31318
59651
30793
94550
36286
33397
31761
56643
32312
34709
91355
37491
67852
6216
541
70438
15243
12867
61001
95673
50677
33289
24655
51030
74701
49566
30002
33124
36172
88348
80220
45051
83979
16147
88304
77648
39825
58739
6450
28882
58010
500
45595
52324
25286
34118
29532
15167
42182
25495
38147
20057
90294
61622
64131
71350
16203
82037
4694
15864
40459
71479
57735
39376
9316
23576
40008
53661
53637
52981
61300
32014
99702
67907
74553
17467
19153
63713
16414
85621
69167
70099
13537
62618
99569
67864
88468
31240
84032
7614
77117
20460
20166
98336
84732
3338
59458
32570
83836
19218
26915
16313
68250
21544
62753
32524
82970
64343
70764
64422
67725
97147
82255
38374
94681
52854
82374
22814
67782
21790
72849
25875
48624
96542
21723
79965
25627
43329
33175
65627
82795
18175
85423
41960
39742
17049
8879
45521
86693
89718
30497
41137
2065
34028
28668
44549
6849
55806
84353
37537
69950
69586
24355
4260
73087
83368
23108
76194
14376
8758
4257
51151
72997
83379
91439
13221
47257
79332
1123
85282
83257
86502
43320
51417
91692
77206
49708
91631
39384
73397
5474
78238
88282
41167
78884
3164
10963
83317
58116
57418
98647
99831
44972
35622
51219
20376
47792
43626
90223
23224
29278
81326
91530
60012
38661
53814
3563
9454
51984
54083
18022
97659
77455
99104
90034
48460
70510
16661
38813
44647
53878
32711
36933
71805
63526
25886
17951
54186
36254
88439
4362
7857
57558
59517
45270
49178
44324
39857
49554
34175
93683
32046
98438
50053
9001
56415
72335
57316
49431
74610
14013
76514
64505
51303
54660
81556
45525
41988
9271
62444
48056
43505
92617
5391
95460
61184
9154
97512
63454
14414
44939
66391
12780
82110
59028
24807
9511
79171
23190
76959
47455
25480
40004
70716
23380
72047
6486
57793
20054
39949
69527
78444
14652
31771
34535
52542
36391
44480
39688
38375
71539
25607
58139
57072
71286
84259
32880
83779
21094
3019
94293
47459
16710
94542
37944
89616
8618
4063
69948
8817
46200
50750
72487
60850
3326
927
99719
1595
73323
38504
49034
99267
63916
75888
7180
96384
44908
57519
34305
70536
3785
98293
19553
64026
79328
1812
16654
14511
28893
41276
13781
11891
97879
87508
37380
53248
44083
54968
63536
2444
22132
75770
18502
44596
88755
76915
1831
74623
74503
78154
25719
33345
10576
97730
51594
22525
50824
1419
66667
13557
59336
18905
52584
3985
10720
78896
95362
49575
70385
1495
42256
79318
6115
23873
15822
49464
67676
67785
89100
35063
35029
47631
16416
44618
49953
33204
32585
43844
82646
89046
70781
22052
43963
43416
86397
25072
22839
84321
14081
3221
48220
8547
66113
62918
87523
29383
52806
90594
76610
47543
49177
18563
14559
52177
37791
87759
87229
816
46815
5017
85243
38503
96739
88088
34254
10778
30070
21598
99932
9414
47616
27443
40855
46810
25522
7276
23269
66393
81179
42779
21817
58219
30502
64238
57954
30147
96799
47575
6743
50036
23218
94708
89628
96186
64409
51475
47660
60252
15510
67518
1306
88905
56738
40696
2427
93415
54145
38439
82065
58854
93278
36831
93658
67347
26326
96587
35777
33270
98824
21558
16016
40705
50175
6640
74885
31042
11590
56243
68204
76442
19340
36714
76379
24381
53686
70124
93449
57347
41565
94790
59274
85079
94086
82208
77160
92796
91650
8190
51679
73286
76521
75270
38106
37429
11856
63786
12062
22751
57029
61787
24115
75474
68309
43964
41842
75414
3927
2858
64385
88364
61469
67787
92685
86008
16496
70059
91350
11398
28505
6357
13654
50471
19645
45486
18255
19436
59456
80638
78046
37751
95403
46311
14900
16236
74825
73148
44671
91564
16328
4494
68540
71699
78003
25235
1904
88905
36320
19998
98563
2174
94830
43690
6291
26254
99072
7397
70004
63301
66171
52800
54701
11025
92366
62357
62449
36071
5462
9129
27447
46386
74055
9252
9741
28417
7106
96896
12673
32971
69783
55643
87416
29689
61625
75475
22234
69658
20382
31112
59190
91961
21034
89893
68017
23606
1371
86294
22479
99997
42080
6504
11343
46755
15511
60387
70279
59370
57169
24806
22280
91412
18671
4791
63342
61499
7538
21382
40664
68231
93827
94389
4460
49441
60433
77577
76549
28362
72997
52024
53047
81832
67498
18063
47874
98167
32557
43494
38641
94834
79745
83081
4337
51589
62767
46580
2069
76622
15361
14098
98429
8264
23520
87866
32704
10477
29897
59056
5766
11450
53859
48886
1804
39390
39040
45984
38655
5420
38521
71352
11276
73537
98202
72928
16417
67206
43551
3000
16350
65978
47539
14719
42311
35007
79391
399
997
57361
53452
86466
71007
28104
8859
82988
15232
64204
78458
98121
56651
34517
53695
47277
56947
33397
62742
76373
25585
80210
66064
20801
95639
96850
55716
91773
25944
89039
53200
17847
54827
97210
70625
42886
5736
94336
85033
97553
56670
13381
28099
31906
238
12605
15170
8555
24908
57451
994
3904
4331
12866
39167
83735
8705
64298
28376
870
25270
60073
35231
90278
14004
82911
14790
82088
75495
15616
88199
51891
71813
94712
55967
30623
45561
83128
47248
61127
24756
14527
98138
31592
80528
7763
76718
49997
84314
65878
91274
21754
69601
89078
37229
73361
71043
78672
27077
91643
86591
80527
1569
82856
10770
71441
84419
97362
45144
65108
12264
92375
38222
52614
96549
13030
8350
36713
19823
90257
43597
62692
25700
38725
53519
28074
17936
11901
35680
4734
15965
13222
92299
2932
95618
69442
49509
69134
26297
7433
71512
54353
4712
38955
984
10484
70330
3137
87861
12126
58830
16985
75930
63991
26221
99970
83667
6169
20173
92200
57826
66290
5795
2671
32950
55893
83445
94178
10805
19180
57255
25589
73371
97959
37767
38496
27388
69060
52984
35515
49567
66577
47248
80608
87093
3362
17031
43124
7385
94536
92581
69159
37192
59406
11655
61539
52377
30379
78958
56429
8846
32364
71535
61908
42128
68066
2187
6982
36001
92840
44652
73170
50401
71761
78067
56081
39319
98692
95941
34363
5611
75899
87354
70924
99659
16665
50117
5020
92170
38911
34766
90451
1991
83359
54869
40899
12169
77275
3303
14827
86909
70032
59191
58488
76564
19716
45388
29037
86985
69370
44173
55535
98343
3385
62763
82371
95117
95232
1590
73480
48317
89297
54217
48597
86723
91747
6138
15812
46460
43537
7309
37087
72683
71666
34543
41052
5687
52396
86838
47984
53416
42715
45347
23304
8344
18730
81083
39098
35400
58412
4177
31402
36330
84090
36342
64672
65152
29545
94601
83126
84472
92671
89529
39327
14008
13791
13270
74018
10289
2254
68408
26456
84924
48689
41860
74556
40612
98338
9212
23642
11942
80673
73742
40615
42684
31032
77079
96930
40758
13481
43820
34049
40051
62013
85044
67732
98170
77781
47839
67674
59188
57028
82118
9073
30562
21599
88926
64327
50525
64077
79765
69658
22671
63805
68940
87110
70960
32617
43327
50374
11683
93526
14859
88420
57767
99743
35946
47575
96862
86915
11249
32360
44095
15973
46728
81765
43355
71516
91302
26407
59733
43045
80053
41279
57690
63482
62539
23816
23515
97074
13442
44176
74796
1367
51032
10976
96089
19453
63062
35148
38547
94554
97264
52089
71917
51091
72217
71288
86172
33947
7547
60015
47610
14393
17897
58884
1245
6683
2541
18607
60893
1336
99408
92926
31908
93442
36789
98219
10516
45814
33223
46035
27650
14206
64981
55691
29165
56731
7204
17884
6269
91653
88198
2817
96840
28276
21482
50505
98977
32272
35916
71782
35836
32669
22003
50833
12196
34372
61584
73185
89115
24151
67208
37614
14751
16600
95494
99017
25293
37554
68405
38530
72468
66651
76231
12984
14884
58897
83492
19108
80048
82995
14803
37404
88226
82226
73371
48991
19207
67937
15526
16552
40676
76985
77433
34879
38815
71028
19303
24067
88214
96392
42242
24432
79023
88159
25823
67227
26710
20793
30015
11860
20107
12231
46463
68730
13645
53388
52711
92336
87149
39550
98493
5684
4282
96194
2848
26587
87987
79449
90825
29919
47820
97119
37498
94196
73920
9758
475
87497
25592
18946
71032
68134
78851
98645
71024
19787
52130
32667
85639
43206
13147
33029
25966
41128
94206
73036
7026
66362
74637
98298
58798
55940
52981
98247
43409
23564
65726
79350
69530
49668
38082
77217
76101
17847
85105
42184
70151
92822
1616
84470
90541
6693
59710
940
20611
47781
7509
83948
81356
3299
41728
18319
58600
6432
61565
78752
49630
22459
49405
7787
8732
11314
76735
84151
87477
19430
65323
19869
88169
95453
47373
59009
51184
46043
29590
72554
69452
53085
32862
14834
82465
65157
89171
66930
76989
44820
8095
45840
58507
37538
15129
89935
52325
41661
41936
55110
43697
24171
72058
33805
30264
14638
60771
70564
10741
86651
68834
76970
37575
90296
21507
55792
91865
26795
80497
81080
75051
37165
86563
54725
22230
31361
69865
76534
97130
60991
24779
66259
88115
74360
55526
351
77970
30305
22790
50179
98811
93050
14803
10850
60993
46645
41086
36162
67114
76660
43029
69691
91328
66249
79434
64153
337
54576
48025
87975
95263
41355
65496
93869
61024
32810
24706
64089
60210
91302
47887
67419
24457
61723
33804
43665
40851
75770
40844
54927
36069
67808
14607
82711
50689
79267
97758
648
51046
41338
30414
97779
69940
54948
9684
71513
88628
94183
73464
96690
84493
71296
26429
81932
96648
90754
34191
37602
14409
7182
20346
71820
68563
84550
40451
23754
78613
65767
72031
38549
44427
88583
3239
93475
17091
35456
88273
10660
18599
55426
3714
94490
9026
56641
96160
92060
5668
56564
96228
40750
34483
39535
25825
62324
37404
64769
73947
80164
15025
13926
7734
68878
58842
18659
97268
27770
59852
11513
18276
99466
95785
7804
49137
69324
33569
8744
31276
58391
35229
65265
96761
4595
12239
93651
60828
31316
53350
60759
6192
97918
7192
38495
82129
46639
87168
25879
60346
85926
3322
24552
22830
28550
70536
88
60729
82435
63197
83002
10422
54827
81534
17498
52514
71211
54268
15606
22908
75211
12251
95104
61200
19413
54920
19192
7962
27291
5371
61348
4519
43119
9451
45310
93787
415
4953
61974
49011
27100
52734
81707
90471
7139
89537
54400
81992
89750
48817
95811
778
69661
98469
30577
35376
23806
78562
61528
90068
1803
17323
3698
38367
60173
51770
59600
84964
33916
15531
93245
27290
3909
4792
6585
2721
43887
17709
33709
89016
85619
49243
36533
45634
83019
94664
55880
87863
44334
62831
22668
32304
95511
1888
8772
9608
53993
6868
31557
70644
36811
46773
68345
52663
55775
29294
59802
27748
59246
77971
10610
2382
16866
83257
18347
9722
11266
7974
84259
44933
71795
82951
51524
94193
73695
81371
6937
1873
28144
88666
10688
31351
63580
96061
86011
12440
30856
12535
39416
12543
97173
17781
36106
46130
36512
67114
67438
1088
25370
76622
16657
19351
91354
34786
24683
75555
17989
9060
54691
74035
52409
62751
18276
99404
28115
76936
42656
26438
19476
29735
41402
3455
59855
74045
58928
87974
25389
41906
27280
48598
15006
56577
29408
99197
39011
93635
60397
15167
31244
76706
78539
36913
8258
59395
42971
75301
19632
85290
63820
75551
6552
51708
51855
60893
65707
88928
598
78619
17256
3224
58832
28627
84280
39477
76860
10923
90389
82690
68585
96963
53029
48342
30187
29344
95709
592
17732
88300
20151
23299
24640
20270
83729
33256
68509
66530
59780
63760
94494
8442
98847
2178
59323
16352
81597
16331
48563
52429
62330
51502
44883
62728
28248
28969
68627
48015
72668
16024
13568
94744
78581
82941
23122
48249
75285
33197
86243
22274
49981
6001
70557
49132
11336
77785
66729
3602
86579
95193
67455
91209
48786
6382
63806
17292
22170
31431
69154
87825
45121
7540
9806
26569
58052
60561
90854
21040
80474
82946
45171
75073
53475
5890
50739
92083
49456
25206
88674
83309
69337
21604
88594
1
48643
25329
38881
40398
21142
83041
69689
90775
55398
2792
50777
62016
1679
65586
60647
76990
18236
34334
29877
18541
55004
982
56770
37341
4752
30359
35175
70880
34239
53500
43545
53863
34407
61622
59587
48126
9002
29879
20198
80887
75042
8082
85445
18898
31943
81463
18911
56290
47272
27992
16882
13186
33372
58809
59502
76219
9029
29812
50918
83583
84198
6813
15704
93855
11058
11788
51829
44197
11909
98367
1542
33453
88306
59322
53638
16750
6269
1662
31640
64138
43132
95692
44953
88051
10682
67262
76711
76722
52463
29358
68653
7474
81726
38720
6095
81891
9506
76293
229
47430
26716
14606
5514
80832
16951
7028
79860
7748
72387
419
25985
46878
46072
50660
47193
52485
36474
42602
91681
59080
84004
45328
73017
79822
19161
58782
97541
86982
27135
88623
54977
57192
21179
70229
33636
44563
81053
87587
70644
85322
24415
89751
4542
86543
21405
8161
51417
69132
50542
84116
7654
69540
61156
63520
90778
72960
83004
88603
89533
56494
39908
18912
44115
32157
10904
52699
21594
72858
23698
82665
20459
66350
5931
74981
13810
11684
8708
82734
54990
43359
87089
85706
94656
27061
33235
21476
41171
78304
5989
8612
26039
62714
83908
36480
23436
63121
81641
57337
99221
25769
87161
53235
40189
65031
63150
7382
38457
134
46248
86741
63997
14121
23504
31005
57007
34956
63684
70309
83510
12398
69687
29647
73957
3588
75293
89906
45037
61547
94249
85397
18694
92917
40004
19321
89422
49096
97710
58325
92131
75559
12449
61254
54230
71718
84426
7870
74758
49880
3570
51991
18654
3749
45169
7847
22798
77252
23582
97913
60635
5361
41762
45788
77775
59323
20193
59234
78418
2001
769
51681
78180
81153
37537
87309
70454
73231
86913
10049
41649
4593
28253
80583
66816
74394
15870
17690
16386
71786
13503
82247
35926
20304
72204
40562
88643
81374
61313
55896
9712
9669
95267
1601
15085
93707
55269
90238
93800
68478
21112
22104
51300
35886
99230
95199
26554
5163
4729
14095
96657
4362
15412
43326
78073
29650
92898
95083
82578
91154
35094
74062
67509
17682
18406
38501
66380
26151
13141
32995
50002
73161
17986
4934
11957
57266
67232
12385
9041
94992
72870
21534
6040
30632
68136
17427
61677
8256
82577
59894
79281
5989
26401
91104
74558
24332
30532
24785
43954
94725
35641
96438
76887
32517
62696
99388
54551
15958
96446
161
58515
44011
3659
91024
35964
94219
95466
94298
91548
45325
92344
42554
62738
39039
18112
53060
87794
88119
19933
2182
10478
97727
16430
48732
8332
98569
35852
32215
8495
57050
62961
7498
12031
98158
37701
96019
53423
48725
3338
80549
18408
35403
67836
94381
84926
25560
31042
13115
34593
53337
28667
71613
25854
19848
47077
80961
65406
65507
37930
84190
70085
58178
56517
61964
20795
76579
46132
67172
93452
72621
59091
75366
92231
59386
59340
84337
51631
2057
15202
49492
27826
14457
96514
41809
8395
35344
87561
71773
88786
60584
77504
45886
60917
81396
67833
218
28142
87570
81609
59200
90912
24935
3098
62080
32816
49187
43127
59264
13286
73462
72205
11995
38292
55282
53165
24942
17056
77240
48731
63219
80155
40719
81835
63416
17575
8129
66256
18783
703
5346
4997
49011
16740
67017
47355
75744
45880
21583
74887
24701
2009
95899
83876
81241
12773
98824
87803
12438
93238
78655
80432
37322
17022
15556
1156
38819
35731
35224
14190
81890
29983
78574
46725
82360
33097
20353
2171
98441
85464
35885
9526
19631
66796
51431
35406
24872
38542
11200
20824
28016
50939
24647
62530
38861
72663
80211
92591
87722
71618
8864
5391
97175
89742
64585
8596
75720
93360
12446
65436
35845
83709
83948
66933
83150
29122
43689
85822
23256
64958
10649
49975
22735
54649
55346
10221
55102
35467
18975
71777
70132
54422
94312
86626
13089
7501
89858
77633
15146
63955
31669
32488
62552
449
12124
21313
55209
33509
52226
75830
19530
53105
45611
73789
42317
78610
59057
70182
46055
814
60912
83216
15520
58260
94738
27024
21692
61961
2456
70920
41312
78863
9999
48108
9454
9545
88986
59241
42019
60273
42977
76130
1824
18624
22282
80826
53676
27405
7995
72943
52260
84760
27910
69089
43055
67018
89457
11627
42047
40235
69261
74394
42758
4061
37175
24667
11152
71109
63942
32481
57731
89066
2582
35535
36097
89504
96058
31810
90872
31306
29923
82891
10390
44696
57995
36579
34779
31162
19035
77242
5772
25856
53957
225
8224
43185
15871
356
9667
83044
34225
26759
83495
74171
24001
84804
90145
78727
92406
74261
74130
49931
93344
80284
98253
49200
3645
4991
35438
23166
44643
86968
93378
1262
11502
662
64054
64071
44256
81441
17419
19776
13221
77831
18734
25694
50530
21344
63269
86496
13808
61239
11878
64941
4709
53106
61037
8617
21007
86304
30376
69392
93309
92412
73794
20722
19204
13578
98560
7449
2299
60640
41167
18306
89070
17591
23050
7977
71114
26391
8378
38278
95845
99231
55507
84798
67318
25038
15599
82562
93119
7759
62206
64829
21153
56843
84469
71503
87248
92289
52635
82809
23580
62992
8556
97171
63289
11339
88102
98882
83760
39308
11524
18156
58583
47235
43367
23809
110
36360
68502
89219
16551
40152
95183
94878
74284
11213
71382
75432
5937
20166
8772
8688
9493
68345
32970
24101
38290
75175
99674
40489
43002
91616
58641
54854
69849
28626
71427
15149
33722
97839
36875
43234
55000
22118
68880
48095
75438
51413
6619
82849
28948
24326
44418
70514
98587
17917
89680
8254
15476
8712
20300
66585
61010
59697
51830
62306
81356
66804
33086
62934
95234
18978
56710
60480
16022
94014
2714
43760
19677
74320
39006
57874
12966
21129
43107
8426
73273
8500
46295
72617
45629
7465
33941
38658
80884
84082
2151
6657
61278
52134
11183
95877
50584
83880
90393
93539
35454
5359
69566
55605
9103
46253
24411
32884
7342
93557
70427
6074
4300
97164
48486
65571
16769
51339
24673
5116
3727
95111
32679
5537
35101
11971
82053
87622
72193
43000
54105
20658
34551
9417
43368
99575
45428
18232
96915
35836
51749
20048
19717
92325
17145
13640
26142
46875
52474
32005
12800
19807
3096
83809
57964
29179
56855
10002
30845
64710
61458
36684
90612
15670
84965
99474
67410
38528
15649
10967
65191
42522
76669
2976
85495
56680
85450
31506
66485
64873
43394
39854
26440
25698
1675
75129
68196
89161
79534
53365
87703
76843
92285
31698
15200
33363
62871
80548
76475
77248
35824
60619
82192
92706
53962
5171
84009
10507
45261
25814
3373
45363
34958
67569
66354
50798
63797
21179
53668
15518
12203
88919
6175
65925
60658
57995
54372
15598
61909
48500
50908
59829
98493
63298
33344
16499
62648
30895
21178
87469
85571
27489
21855
8784
48794
86190
27666
96864
38983
6977
99475
15
28323
9287
21891
5137
90813
82961
5762
90874
22346
65436
26256
59184
60875
11877
81841
48372
76161
69294
22670
24278
90377
50130
4780
88245
74843
40431
38110
10517
42341
41689
64577
3716
56998
30574
68137
64678
47292
29805
47521
80047
30732
24916
22624
44527
24805
91409
63623
78270
21304
64855
21326
20106
8467
42377
83984
9698
58275
42578
45939
56954
68743
15768
49267
36431
81974
44686
74450
43807
60080
70609
74815
82170
37254
73834
70382
83384
89183
11445
40600
91262
35343
14011
65974
92675
92888
26013
88323
17217
2743
2588
3653
53681
37273
82685
9177
21254
75018
40800
63939
14010
43375
66818
80206
64907
80272
43603
48730
70920
67800
22827
21740
34897
78292
41251
43994
5018
70553
46793
24314
32107
83310
68625
58351
45433
69879
16663
83582
19434
72503
10846
46059
94068
15486
45173
57704
35849
36329
91139
33328
34057
93538
44662
87515
67083
28716
94177
97574
35195
54753
6407
82079
51169
99924
87063
37897
51263
45768
14899
62692
96824
6923
23384
43384
89404
74139
43978
23685
87344
59766
41541
89217
26907
73614
94683
95414
43555
57030
23195
40659
83910
21989
98712
78376
60469
63821
5358
39451
95868
51837
4534
74297
60858
19521
3142
82693
90016
29047
37105
92665
3289
14248
44324
97638
35990
73259
7597
35911
98425
34181
41521
63776
85255
35726
40394
11115
34471
65480
30129
87853
60395
87129
43658
9838
99829
41694
19702
71269
36147
42334
58554
18477
77606
39608
6980
9746
3609
35207
56746
40570
40351
58349
7614
12584
64562
7757
27619
64464
47906
24770
13760
24878
91125
47077
65982
5106
45214
96659
4198
42784
40897
10288
380
73395
5745
84680
78304
10710
92350
64360
93937
1238
44207
88101
70704
5295
3927
55102
67072
31670
34083
56719
40505
63764
27074
16419
13984
28676
18191
62155
47078
89458
22452
26093
82450
75463
54762
54158
65922
38597
90572
93313
56423
27457
43971
41443
57644
85145
47401
5842
39413
32160
62899
98895
6433
69770
10104
72239
18462
56627
53948
26838
87652
68920
74905
44469
89765
25849
9538
42894
88925
54981
56258
4129
15942
51158
67912
12873
23731
65730
81670
83771
89432
92552
28478
77840
1335
95522
41492
64295
14524
62449
55642
42674
44619
70044
4271
47368
73259
3812
59635
89420
90421
29230
43659
15580
83928
65297
95245
25612
43172
24317
60019
1284
57978
42505
53157
34883
63334
35648
57892
60654
84430
53428
21084
63736
45753
89156
43750
77325
89840
27600
14300
40164
58449
89286
93193
58483
98427
8259
43410
29306
2859
20212
42561
32713
75536
67359
62933
17524
8279
1736
69493
46252
91267
1505
77085
77038
83973
52404
89899
72622
72980
4511
85009
32404
44950
3328
66694
82912
76044
4697
89449
9794
12326
43372
52832
62642
89627
73739
79824
20526
91289
92950
32480
3761
79981
81945
80291
85308
70291
56963
99377
21468
65315
32556
28202
62282
61232
34630
575
85266
56739
83187
72469
23709
90674
91013
74779
48627
92383
9689
76546
20220
91952
21539
19549
17297
17283
5591
10426
33266
45169
45822
3368
6201
89293
26973
52455
89428
55426
1933
11956
68985
97060
32811
21708
63657
4129
6783
2584
77487
66972
32583
78559
95700
85952
14362
99191
1387
52335
49822
15367
97701
47871
80902
51446
49680
15991
73976
66061
94662
22672
67775
47635
83229
91741
41522
75824
25721
97151
6079
38626
69226
35874
49318
20889
96177
10342
3795
9695
77801
37530
74258
92669
24693
53693
10969
34817
76341
43540
10444
11090
13746
46057
20720
84173
62004
84465
13020
55168
83302
39621
33001
10116
32677
31805
34288
91145
15078
96163
78858
22950
74629
60656
58368
97965
93761
61849
73789
84062
32220
12393
18743
80007
10450
72457
14587
45702
89162
79093
65073
84522
11380
64252
48335
73019
57443
61608
24310
73622
93204
24443
701
12615
43873
81300
12260
13482
88871
32972
82111
2087
33468
17379
62346
77004
18829
72279
7807
50111
21103
84545
14497
42652
82717
54554
28086
87467
51313
47989
75000
43716
27197
90297
71893
59412
91756
42729
62959
11168
91755
80801
77516
88986
44560
33573
5365
91179
12262
20003
21354
43436
89209
72107
79468
37973
39213
9581
73857
31821
77322
42398
49120
75717
47798
21841
99231
58981
66580
58738
63022
2409
89083
65343
78169
46869
37568
56607
62331
49776
93494
36649
42964
64771
1872
38422
81362
96635
40291
52754
82152
4645
19645
96931
40862
83986
25820
68718
95488
33744
6999
37816
65544
56211
27373
92600
14167
51243
37658
27833
9868
58186
8871
6155
17926
35013
52988
83847
85793
61230
97827
63428
35393
86346
67444
42849
19524
84607
65421
45857
62317
95615
22236
99653
70088
33200
64062
81267
72722
95717
60582
83511
45816
76857
24890
28595
77654
41194
70791
90073
75833
85477
28832
64942
33881
95940
43872
820
9938
45734
47323
52863
42256
28242
78574
80652
20431
97554
41081
52010
72915
94351
31470
2689
53291
80721
87439
64007
78660
25194
21859
29358
86199
19260
38177
87896
9686
1306
35600
39011
7072
69089
14732
55886
85422
4187
15257
46114
45545
13461
77416
11569
3591
94043
21039
60341
15032
75978
70134
58329
69740
25666
36791
50365
72798
25549
55606
93238
95919
63727
24560
36366
33107
13209
68964
55560
60066
58630
75097
39707
70264
5886
96088
46582
59611
31313
87580
31514
78335
89613
22338
9013
20338
22991
18854
90407
58384
65455
87827
39530
34066
63938
53541
42622
41132
38743
99294
69254
32508
70586
5759
88898
18507
86629
82529
79593
99098
76377
32273
15257
2321
43427
1890
13437
66413
16368
64796
58744
17410
58629
33926
21206
80132
5726
32626
89619
7228
43172
69371
70886
86827
87422
90664
73038
97120
75644
39583
64756
77518
67900
14418
2397
34008
92879
9031
85057
99604
64331
6840
34707
1550
74329
52675
29738
40727
76754
93167
47646
48138
82102
65371
22856
69750
38559
39461
70806
17810
46578
39865
89536
34435
89718
92656
11155
50660
55089
14585
96448
65731
97880
22586
82650
10157
54816
42880
32210
85667
59315
31566
16619
12503
12913
63995
14375
97591
40015
40613
12194
90227
26352
46891
51094
66345
43070
92455
8283
15353
17599
99472
25006
2779
97949
11046
31568
21511
60247
81154
96818
26852
67793
72838
1406
92677
37990
31153
65536
14117
88132
60741
7996
17316
4185
4609
14536
56835
93415
94338
59165
17351
87423
13455
18003
5576
27374
6837
67151
70240
94535
65837
61552
27423
76625
74048
97551
17698
97499
20339
86880
96138
1099
88766
30204
69746
44164
39106
17850
65376
22686
31991
21283
49164
41948
86455
77847
59593
40398
58688
18581
1641
4606
25212
85725
1285
42399
41957
34035
94748
52341
68676
67787
95664
54910
75947
4023
66048
30477
23554
87856
45531
54417
67999
56515
83664
97462
79740
37151
37347
82261
80263
95474
8501
39242
16824
16686
50485
19310
45259
79121
66475
40709
5130
2791
49527
15227
3401
57206
63496
60022
41197
6094
49044
83262
46177
41092
5647
28556
48843
83003
78341
81262
29581
4498
62485
7741
7042
40287
59527
98097
58005
53990
22448
96503
91357
67107
82785
6603
75163
92947
66016
934
40532
2599
67897
80927
5827
97995
51784
44191
76431
98336
49090
74241
10634
66533
76817
1684
41754
81358
48335
71222
59655
81416
10853
94404
22795
71195
16657
61994
38998
62439
77954
61868
23191
54582
72902
19889
43978
8593
93213
48004
29104
58559
82059
12023
50940
8531
15411
58655
87994
50828
62271
47363
22213
43400
93032
4048
79690
95844
76673
66542
98359
40307
24115
89126
87785
98269
48426
96784
83328
35405
70942
55090
98914
33488
60676
47721
77522
95979
18107
8307
16910
72431
97601
7164
19913
60453
84613
78441
54347
42800
50760
50105
3499
60310
37096
63082
32075
70324
42642
11368
69232
31043
45281
84241
25104
98151
67953
27912
63710
63520
98100
99559
43572
42058
44128
39370
81514
49064
31057
75124
56150
688
77932
47141
35667
88586
16806
85533
65745
8588
96136
29866
92450
60483
34446
8515
27493
86588
20180
68099
95400
64377
77230
41820
69425
30451
91036
36651
1842
23048
58845
80463
59765
37712
851
3149
27700
13825
29218
29103
16729
70069
84930
77181
41167
42751
2722
47804
67037
37485
73556
48793
68865
71747
73023
9030
11693
95813
60126
20363
87750
85823
68998
19952
95646
98398
7197
7616
20666
69685
38098
38551
21360
95178
18394
701
96553
5990
96338
40635
22548
91227
60761
35350
62271
45760
51303
15768
38043
74634
5271
84956
35541
80234
58296
74150
50684
94784
89799
8091
41763
13840
75266
87224
93366
26791
93600
31249
11342
11663
92436
77845
16215
60311
29642
98784
83700
47019
90827
27494
64800
43627
16880
27351
90544
21021
37528
95842
84974
92429
22741
44979
70986
64188
47623
71081
51815
27742
71141
57743
84864
29835
39581
15147
18370
83019
54523
9005
12915
14473
99488
92218
67980
65601
88939
86852
43670
40176
80179
82864
53871
88710
84588
75390
79389
64242
31854
33928
19764
76950
3457
80157
12378
86170
30573
53104
2642
94258
72666
50614
61952
20911
11512
79766
47284
29548
39434
55789
63144
86289
41158
48851
79690
35616
55094
26847
37635
67872
26653
84311
16267
32867
89676
67953
78121
63783
63842
57699
32161
95638
9608
8788
17642
29193
65566
23493
2625
41572
54742
92607
9467
7331
61662
65210
67247
71838
9237
39893
84076
37407
67211
41905
28125
1192
46582
81521
29225
5566
22355
37992
27874
18851
69401
54417
7662
9499
42568
53111
24911
85177
56491
91029
36795
95186
76063
65805
57522
5051
64501
78464
66770
39463
56031
60612
22106
53527
40822
24880
87532
16547
23484
13763
91643
53902
57798
8777
27883
72638
77515
77905
47178
14908
25435
86957
39864
8623
64555
102
5411
25535
71140
1265
18777
60938
7835
9289
41127
89772
49119
16525
6338
58223
26149
74094
67496
68527
52472
298
86971
95135
98205
82815
1635
63720
59392
71114
72596
5823
35034
70548
74303
77071
85087
73121
30977
67142
90093
90583
71647
54711
50150
10581
84758
40051
38883
16599
49188
95100
49442
78164
46690
99182
55309
92892
34018
49638
12110
27261
69423
16295
46076
18297
55029
75263
97323
96907
27263
18076
27720
29943
34753
72137
31752
58837
73149
29712
42821
64757
77536
18139
25912
81174
80532
34215
33768
97238
26223
18822
28682
75606
39536
20244
72020
66672
2991
99221
46307
43767
45596
663
6717
44413
87638
21998
49153
46902
78009
85750
10318
74344
31011
92544
17476
78466
33546
41182
41055
70227
94338
85157
32813
72025
17065
93592
29666
25009
25272
50150
14624
77444
71670
20829
51253
99288
6583
55345
80978
64117
10221
55627
63721
25913
63253
18165
19667
91037
78706
7406
64710
69286
40327
75606
67373
94941
94015
62253
98933
69951
7322
15737
2818
87386
7540
69247
61069
49871
23629
89238
83835
3569
2540
65244
4389
58655
54462
36692
30800
85036
74211
66924
28209
28719
14718
82413
51533
90599
559
40097
56955
26283
48976
41339
60449
33245
32863
3025
75353
93473
66822
95178
62681
92254
74693
1996
36951
98655
46256
82042
89046
92883
79724
61084
53777
46240
48553
93106
77715
72762
66137
22761
9577
5477
28733
19484
22977
23023
42411
20582
50265
71703
32860
31425
30111
4800
55337
20333
94853
87865
82888
60061
86271
59715
62141
45946
97753
80157
55727
85695
90013
9116
80008
17940
36021
81864
53757
36605
24120
12455
13096
36172
22457
27949
23704
26981
49552
11655
31407
5846
65867
24456
16769
99180
44749
59969
2287
95476
57616
92200
26507
97432
63133
96311
41218
81884
59553
39441
55797
59204
60856
1274
58220
79170
47647
79322
53872
78523
25846
12132
72376
63782
25071
55031
3637
17236
40577
14068
58456
26891
11030
80439
37135
53796
17649
84954
14196
4839
7496
21099
77546
13444
20811
75085
47658
99526
28089
34581
86166
64772
80948
9179
29224
9565
56633
86309
1047
99736
335
22394
79358
41207
37769
52284
38757
31402
62625
68733
88133
33755
85170
54330
96653
6942
46853
53851
90155
68568
81324
96232
29420
57530
92757
23791
43635
91243
68127
94557
34737
78967
11011
49335
14007
71058
70519
38888
71264
97504
75221
82779
15574
56291
6523
90330
2393
71838
37207
90655
42155
4237
20604
35796
44436
29214
87578
13439
58945
24266
82880
55944
84216
68749
76594
10561
18339
97907
77139
95646
89687
92503
15485
30866
58865
98063
7648
5338
21399
52777
4014
23123
37113
62579
38521
2299
57318
25966
30728
27889
22522
71457
51752
69833
90790
77107
72539
32351
9478
82066
25979
62914
1040
31286
10425
64991
94187
94191
53783
80815
17872
26974
20640
62521
9797
91740
95989
71286
11260
20067
16471
22471
23484
22534
99087
51634
8692
46879
10940
35320
25399
56368
68216
73482
53496
53741
48030
92814
74725
47710
80565
69244
62704
31644
22659
62221
36971
60228
18443
30178
86699
83111
5353
81085
96348
28454
15924
40309
29338
63161
27005
35546
5336
46616
10562
24664
71335
17509
74643
75806
44947
16542
16664
4529
69327
10143
49230
80439
26065
30485
35342
57836
32691
50377
67107
75797
95380
21031
14284
38002
32741
9894
69819
83735
44819
58434
26235
46054
82032
24770
526
65456
45344
81952
92629
4899
21430
84558
3004
22446
74996
54339
63043
13680
86952
87650
16046
57801
24274
18167
31738
97878
37234
36729
27052
77011
53132
5548
84903
79011
69459
31872
91667
68893
88274
98582
42552
74284
54926
88936
19539
78104
51072
22353
63075
39218
32629
51254
22114
5318
72777
51467
31696
10741
64527
43647
75783
86206
88916
11768
56890
64547
63249
4072
67645
41147
52885
22486
5143
12266
17932
16434
56858
58564
80698
90858
45464
32401
77820
65799
30212
99321
48370
90511
26699
30282
66813
5888
20345
53157
66379
70653
49009
1781
29765
71966
33584
91821
38032
80786
85217
71664
97272
42584
21240
77567
32398
93721
4291
45774
51079
59943
93427
20998
67736
61323
98344
47860
46877
6048
31582
48819
32464
83405
43517
42888
81080
15365
52377
89105
28699
97914
1432
23303
20245
54687
98783
93375
51113
93525
25068
8242
87548
38972
152
72566
42697
60589
40637
62960
72030
55860
38873
18239
42128
73465
46356
95197
13740
88386
77073
57911
75277
33381
47182
17746
70938
83468
61324
15163
37097
71622
27268
7566
9112
67899
69512
75312
77456
6660
28864
77835
51743
38195
96749
35812
99907
70159
86443
26636
22432
81466
87283
96256
82978
60115
60482
26830
96174
5651
76561
41996
736
86178
58265
33835
94497
58049
8387
16422
90195
45173
46724
35430
87664
1662
72633
86734
83861
74242
84007
44170
96901
98488
97053
27021
4197
96925
20240
83868
91031
82147
23345
74601
19464
10882
25037
21208
16720
66771
24750
23158
3072
17807
48207
32582
76435
55548
93140
30195
60763
6814
89275
71395
73375
49748
32415
28525
46901
87595
92895
14581
563
35529
20471
23515
41785
35168
35826
13935
8607
57266
93615
73497
17498
67845
53221
13673
23777
12476
15734
59436
98104
69351
862
8636
92435
88848
63325
71783
92870
67204
5170
52088
37873
61921
76457
94107
99389
14791
59630
76494
22965
97405
53961
16035
21797
47062
82415
72984
72901
24979
20909
12803
99903
20688
75022
95454
12971
42827
69452
43303
79356
26861
34420
15131
19470
65812
70323
7297
8165
45329
37804
56551
35748
75143
38804
4275
23119
90326
50705
58024
80554
68398
10668
36289
40231
12194
83914
46572
83667
69080
68260
79800
88389
4255
44616
14046
72035
11952
40248
62600
15476
2216
31068
80331
52877
42343
62680
22175
84578
55331
28765
99204
2739
21613
91453
49759
89280
8168
5125
60752
66001
42536
89755
73731
13591
42550
80539
20298
5742
73538
83002
34607
46644
10632
86713
80331
73184
90798
80082
97745
65519
34915
97353
79290
7326
12860
31413
43491
9211
91128
91447
42917
79950
78624
35094
22608
18566
49935
40747
62194
42106
34308
41022
61557
31768
33019
12296
26098
5036
26250
22396
73180
10100
83651
25515
96749
37704
40503
39909
88151
16416
57692
57873
99609
36264
53640
69493
73113
97998
50626
92210
55420
14269
72588
41309
48555
88779
4093
84571
33701
19015
59524
1828
12241
30006
23068
97208
8680
49657
28454
28408
32108
51894
94926
59645
16043
54245
78524
46350
88172
53910
54562
17056
63091
79914
55197
83179
35528
71973
12
61434
78391
15873
62563
7550
84157
97922
90836
6162
72915
37763
21370
67661
11609
24472
26139
3286
47453
16132
81440
49600
55138
19156
18916
2337
92625
54736
63046
79459
13454
51290
20726
55738
24810
26982
15911
56280
37954
17391
47628
62768
28139
14139
41054
20298
81771
17652
19943
62257
55806
26534
21743
16471
71941
41478
15047
93696
47294
50796
91942
70992
8569
63708
13740
23536
77790
74040
37638
22523
56454
120
61964
84301
36354
60003
41063
64016
32549
33002
91650
29029
99584
80505
60456
93162
1005
75614
19165
41326
67994
20283
88273
5255
93548
8357
16744
30721
21868
30290
53152
60263
6633
53741
90103
68371
46224
50401
65260
99511
51125
10954
11076
15125
35869
23120
54479
60980
21080
81005
14408
77654
35793
10875
68908
54336
75403
90785
83881
90277
92980
76556
20380
67169
88355
14034
35110
18080
18299
69637
2809
50486
60249
25918
53099
32466
94499
52544
73330
7713
99059
40458
50205
89434
84247
12504
44862
93450
55784
20226
11839
32967
68913
78525
40308
50023
75597
61899
34660
30316
96511
16827
82987
46385
32214
38345
9596
65315
39747
2433
98907
36923
59843
72603
60269
39737
83173
87473
93987
16257
66250
75799
51906
30464
34142
12110
16361
91689
87938
56476
90056
70963
53358
10041
89456
51663
33897
40449
20964
87474
41972
77279
96450
2029
26275
83088
78616
31590
68295
48516
79724
75547
70914
95031
84765
98252
41039
31655
63734
96539
53651
94617
64179
39240
14158
47630
24147
33965
98140
98441
4805
6660
99681
67289
38948
13168
31819
37936
7385
87247
13890
27051
32258
50131
92990
34666
19001
94659
99811
97606
5934
74054
47998
52426
11085
45926
84920
19474
89780
73822
57420
41025
66971
94696
93177
61056
53664
55342
14247
64454
8765
4375
5487
22967
67237
15490
1169
99940
41956
73735
9309
52020
87614
12668
40833
25260
42929
8904
79292
3116
40891
76125
2170
66878
47052
44608
73263
37408
2027
72825
62469
36792
64790
95650
83683
85620
78338
94791
83414
19034
95543
49222
10156
59484
81403
72055
8094
45037
65441
93640
31258
80530
4021
40850
80011
9384
40113
52987
51689
41565
1018
32574
97549
38490
49930
91350
86788
68887
18239
5606
77879
87602
45958
88831
6201
2203
54955
81185
99740
83799
79684
1701
69077
66300
89185
35108
81221
18766
34251
68732
86819
71446
9187
49035
52538
86776
49875
48656
95338
56497
41981
85643
33369
17184
6648
38618
99796
75320
72629
76119
82301
54574
78890
16371
20921
53015
24640
73438
95245
38639
27596
86333
65048
86973
12735
15859
36493
51248
60840
70790
74017
69824
23663
30048
62004
69734
6314
34001
23104
3521
39296
4301
1692
2620
59624
74627
79382
32378
32106
54109
79768
32611
52918
36982
33582
59324
26691
26803
24500
57463
24665
77216
15258
33096
50333
1660
55026
90259
60553
91101
31035
82370
82903
11974
71186
86719
75220
10614
72465
38365
29175
25436
38342
63874
15908
65680
68974
8644
53020
80816
78917
51923
31484
88108
28678
72413
7502
22440
48802
78606
69210
48870
29379
76197
5198
56233
38920
63099
37955
83766
75176
33243
84582
68600
79336
85615
11590
58255
4451
6327
30022
4159
89163
85794
14130
11501
52429
51776
72915
55899
26531
89737
5020
49050
85318
16800
63374
18112
56777
81651
41006
22504
91415
22014
72256
60800
98302
85473
74630
57896
7401
58393
57250
11125
1895
74953
74861
98818
15924
28904
48579
11348
91076
97747
48062
86493
65795
6946
28805
26419
31132
83626
94136
97236
8571
79569
93866
91044
41979
17915
40123
7567
98878
46188
89597
75479
14138
85958
75841
23807
19675
13422
92765
59545
46853
72225
40122
92975
88121
45937
89945
9016
88395
26219
59786
59588
993
18912
35028
88548
8146
69224
18023
80949
17742
49678
98914
82334
46583
92779
38930
89398
59133
72497
23298
67574
35934
30641
26101
79363
19300
90161
10370
95850
56338
49194
17997
16772
96139
44463
83825
59320
94167
48607
57550
54942
44910
8932
70144
60781
73909
76285
93844
14464
93257
7337
64935
73605
69225
19304
58138
38335
19398
8307
20792
39584
15626
85081
97856
17319
15255
5952
64915
31636
93786
61555
97101
41250
36615
20497
98726
66284
23052
35061
45883
60764
86346
28205
37618
47386
30012
85107
78002
46015
31160
12194
7607
61268
27234
16383
73925
30635
71570
19054
73035
92569
3146
87330
91544
927
17464
63670
62853
84544
81158
61939
31915
17471
51709
11037
80458
72047
75269
58567
18540
58625
34283
6393
36518
68152
21135
81669
67931
55826
42831
16125
79321
63566
77664
5019
64040
16649
25462
42440
91384
64635
22744
6170
16070
86244
50103
88703
32858
32864
54542
59123
27396
66271
86369
15706
9920
29534
83787
29032
38387
40373
4536
64451
8539
2184
14021
79716
47358
78455
79695
42153
62922
66503
14822
78085
98971
8604
22639
71161
39932
26224
15585
9256
41688
88270
76723
73802
11553
34323
71808
42535
80582
60585
90105
6778
90652
81966
86151
53283
88083
81220
8672
97527
14373
34000
5343
52974
51539
81019
98231
60025
28289
22080
14398
90448
23709
39697
41938
95770
95093
27346
6601
19206
23154
33164
60606
33135
74549
27134
41071
77020
59743
56082
37001
80029
20050
11104
34944
74527
2712
99919
52196
45180
1081
68415
61201
56655
6760
82133
38256
7581
57855
10749
24005
96595
81087
94339
36555
36109
59017
59928
98699
1687
83550
74237
29107
68091
94503
38771
32727
72302
46060
10064
19541
82614
17326
83325
33967
86709
2527
16745
57171
33989
38652
11968
10308
57482
96927
31562
76593
56064
89627
11739
28671
26637
53068
92284
12667
18119
6708
77668
47485
95315
75178
36138
11671
23670
86847
99005
893
51382
33173
93002
17154
93574
74609
4334
18917
4020
41249
54214
18664
98168
81289
97609
77707
2276
3249
35132
68825
35741
71180
46763
3459
38599
84128
41558
97002
68327
72233
41547
84503
99097
98966
29571
52002
44412
63830
60455
43211
48895
53224
8035
90826
25706
67
71867
57986
64513
85227
76526
92230
11569
27128
11662
71118
14795
82848
66817
74012
39980
49289
99248
73950
4480
8128
16462
26288
49171
71859
19104
51930
92641
89764
81127
3853
10321
28581
11710
10912
61546
2841
89972
47566
63414
89036
39779
37149
37484
65848
9744
97015
51315
15884
63215
58699
72424
32127
56783
58047
64965
46313
3526
89451
33994
53259
92409
22765
63152
99199
62442
85467
2712
6645
99744
16638
36462
86870
68978
98897
53377
27800
51106
26880
14460
67825
92702
60223
46076
907
89894
46157
6827
14253
66778
43483
59094
37596
12211
47066
44481
45216
36182
32078
16451
52497
74922
62196
3151
10366
31984
86369
24523
82283
21615
49395
13671
61790
80930
92713
25724
80999
36937
87171
8797
39671
88222
86101
78571
49406
81030
96731
10324
83105
15268
38390
55039
28012
2671
79805
96484
11795
9280
72130
95326
16277
32594
83857
62365
14906
16259
82297
61025
62219
16555
58474
38625
97685
98304
74509
84587
61601
62572
55682
41832
22106
93581
1442
78480
44354
45592
68994
8778
51049
49841
15416
19553
20839
1110
32984
12241
31509
38394
62088
5704
27651
64577
65628
83017
47554
85050
87511
11385
20091
45771
75508
64885
58783
79684
3361
73459
64612
95357
13818
85627
65470
31384
97120
76683
21453
40495
61252
22465
68891
39922
42664
75113
14341
26852
6373
33676
39149
67310
69529
86532
71874
94159
94361
56227
6531
6216
51575
89178
10000
32384
83496
42776
93383
36345
19840
11345
93327
29527
85222
69610
35574
59510
75016
68953
48089
70349
45695
33523
94339
2598
46758
60860
58025
90499
41092
27250
17553
94931
11862
29780
33033
5201
93103
25550
79641
1038
33467
3037
41995
99340
3437
84894
4451
32460
21675
58497
22034
78236
87564
92703
35458
43585
8768
68594
28422
29070
51193
26380
15270
71084
37820
65947
29520
44034
50127
82669
43194
83224
26151
7357
73352
78138
38077
13942
47098
30981
89862
34582
43959
92540
83101
87258
4269
61684
55881
77324
85820
46260
4690
79349
42543
9690
55892
9741
87149
76322
27613
34026
62180
66003
72829
13346
22001
38501
63657
89552
19107
23817
78384
53134
93431
35130
50722
60006
27422
22368
4946
59295
87584
2466
41612
38989
74304
55520
23237
51530
98796
30106
99579
18463
70413
57143
51659
73014
76320
93887
48580
58091
35248
77161
94039
91147
55440
21146
64908
18418
40529
36852
91587
5602
13994
52812
39131
17028
46789
19803
87695
4780
62840
23630
68746
34848
98638
30960
83825
62612
19784
22078
187
67727
79539
11553
48194
63264
12173
2086
75668
46964
89026
68239
60223
94444
40479
41658
77500
5243
57969
89892
51457
61919
13767
2841
94498
83210
56149
28358
68423
53994
71660
34185
16746
15615
20616
50044
4831
40229
3047
2076
37911
371
52478
48952
36533
63159
50482
93318
93064
91485
11772
7481
76403
43394
67509
42737
9487
41077
4243
77014
98747
98317
29852
16243
72720
99373
26095
85986
10360
92069
21784
40002
4220
7413
94528
82137
62812
35393
17884
40241
82644
78014
48703
73798
25723
64410
90874
32199
85223
61930
67761
20036
22703
88735
46786
49142
16586
16366
70471
53016
20743
40693
62796
24476
27923
59898
48311
80496
84379
88915
59368
5534
39518
76459
53408
63571
37727
51119
77182
21784
57369
2313
89432
52351
99444
97976
95161
40377
78062
59398
3351
32702
4970
64661
89824
37582
36421
75942
62962
60253
45810
22730
23730
35833
28443
19673
2266
28542
94306
81124
37647
64982
8717
51353
65878
17079
53343
36923
51939
8324
56507
48910
6183
11094
21187
46404
48071
6944
7762
44927
67844
93326
19134
76526
61392
70278
15254
26565
81092
89250
50517
3330
73749
24493
49050
40778
97962
14299
71229
60416
56505
47787
78541
20875
77123
21521
71810
75885
9669
36199
81916
16123
86841
53236
90249
26455
117
90909
13370
36597
65566
98722
52768
56771
69847
10911
40209
8415
61415
81650
34165
10195
47735
19352
56012
6865
40476
4603
72859
13137
88718
19494
47760
26375
69277
3564
66575
35656
65861
69440
70115
79326
42966
30969
56046
52857
47919
63599
37363
98283
6733
80080
8748
43621
7880
70616
22524
57403
62092
97563
48780
38244
20536
1376
6867
67104
47582
29081
35517
85648
89843
28767
23863
70260
68781
25610
50221
73809
622
56901
64031
24526
86607
56856
4768
2797
65265
20025
69727
26774
43504
29401
19194
47167
83530
83075
94965
78856
56926
32545
70988
40998
97894
70578
24442
94068
34674
99245
41578
99697
35296
60752
69804
3909
65144
87972
73312
55261
25083
85131
2829
69980
62916
39480
47782
30847
57254
20280
96275
33299
15640
64257
33493
55325
65768
88789
44838
43177
15044
6569
74731
34590
85572
31798
93932
11608
24121
3061
45934
33631
26238
46533
13886
92780
75464
79109
50475
8912
90631
54733
97138
46663
70405
14953
29935
39500
88225
44773
42667
47925
55589
91631
88580
43363
29370
22232
59412
21970
37232
2586
81444
2887
54606
48678
4996
38655
18062
93712
76342
94761
84163
8011
93666
27083
12081
53428
34507
6325
91255
69028
48334
478
43792
68855
65805
